621961146.6
556070113.28
540902368.54
531156378.89
523288514.15
516421887.57
508024139.05
500823914.45
495456266.7
490887383.16
487006731.84
483632692.28
480697312.93
478124818.94
475903625.91
473936949.53
472197351.37
470606330.33
469164669.02
683698460.61
616856667.45
583260016.79
569100743.77
560521050.46
554454098.44
549777478.04
545881989.79
542561335.48
539556419.06
536808446.59
534283928.48
532000256.33
529723404.49
527538356.34
525102480.62
521951368.76
518758603.99
515990044.36
683399209.84
616573448.1
582964489.1
568792374.24
560210696.1
554155388.78
549490553.39
545604551.86
542291344.21
539292868.71
536551328.99
534031723.99
531750676.01
529477443.72
527298528.17
524922721.32
521869119.5
518637624.72
515804030.68
680691707.7
613818545.45
580297032.6
566197946.54
557661659.45
551620258.56
546972817.03
543112519.28
539826257.78
536856291.64
534142250.09
531653041.2
529401973.33
527161099.82
525024411.78
522681875.02
519616570.87
516433163.82
513673829.87
511249999.96
508930784.99
506989636.13
505090590.26
503328526.8
501612967.94
499982939.45
498451447.07
496967625.76
495561301.91
494142183.03
492827354.54
491583766.33
490398745.39
489254799.88
488159822.06
487098969.55
486064869.87
485097054.84
484178574.88
483301044.51
482434744.97
481675403.58
480851541.66
480088104.27
479321103.05
478615216.21
477953784.56
477295602.77
476633215.5
475924984.23
475275445.5
474682249.84
474094700.49
473475875.31
472915143.44
472384561.94
471826597.37
471369178.38
470815785.26
470354569.59
469867712.41
469354521.39
468891776.08
468457015.98
468032457.51
467594152.43
467207948.65
466802148.13
466425181.77
466080489.67
465681580.16
465384540.86
465061255.28
464703983.46
464367510.74
464070428.36
463840505.39
463570991.96
463251291.95
462986184.43
462721179.62
462475791.88
462204122.87
462005699.22
461768449.9
461563336.52
461322072.06
461097735.94
460914232.23
460716111.13
460523347.02
460311232.0
460131868.03
459989070.72
459750270.18
459599245.73
459443206.61
459265773.4
459102365.52
805955459.39
721205850.58
689541839.48
667814266.54
650103890.3
634798416.89
621127425.82
608663111.29
597276218.04
586839305.69
577204641.12
805955459.39
721205850.58
689541839.48
667814266.54
650103890.3
634798416.89
621127425.82
608663111.29
597276218.04
586839305.69
577204641.12
568184115.25
558782755.56
549229804.42
540976806.87
533865627.69
527525705.65
521736595.25
516371768.67
511514831.65
507053457.59
502943397.92
499141211.16
495590144.08
492253812.49
489062472.36
486034841.54
483233747.21
480617219.73
478157273.79
475819072.54
473652296.53
471614452.41
469644484.1
467834212.22
466081793.66
464397311.42
462800790.81
461265262.36
459769867.67
458329562.99
456920802.28
455542067.58
454198219.51
452884527.94
451616847.98
450371596.21
449158171.03
447980420.84
446822805.94
445698131.13
444580593.26
443495984.1
442414819.81
441362324.16
440303051.8
439276561.06
438248209.39
437238306.73
436248969.15
435266768.64
434304373.98
433335554.4
432375766.85
431410523.49
430454151.0
429473020.36
428454545.22
427457807.52
426479297.08
425519174.25
424561675.3
423607864.18
422665509.75
421726544.93
420785277.85
419847335.2
418917381.88
417988956.15
417061356.87
416136672.66
415204339.17
414266982.0
413344418.24
412400302.32
411466396.61
410513019.03
409575227.45
408631214.74
407692151.27
406731803.69
405776389.75
404826532.26
403858321.14
402890442.23
401927919.77
400946763.05
399973668.64
398998769.35
679606687.13
602680566.73
580942606.24
569106536.73
560527718.09
553452333.21
547314277.75
541736906.23
536458730.27
530635466.1
524392025.54
518930538.14
514327164.03
510390164.12
506844520.98
503700622.74
500782011.28
498139224.71
495683294.92
493402595.73
491254645.2
489206900.37
487269586.3
485414678.56
483614123.63
481943086.32
480388291.48
478915298.9
477480313.91
476153972.33
474917792.7
473781059.93
472724985.46
471727323.65
470832409.05
469951465.15
469138849.61
468365434.29
467634749.23
466940284.85
466279901.43
465690106.2
465100344.05
464545700.22
464004671.25
463543005.18
463073289.48
462629768.49
462220410.08
461812122.2
461447759.98
461086132.62
460747963.45
460433701.3
460125694.47
459817854.55
459551043.35
459292182.52
459032130.98
458783352.84
458558649.75
458349049.42
458119263.38
457930522.95
457729395.25
457546340.1
457378858.06
457207906.19
457047738.95
456890773.24
456743574.23
456605200.85
456469922.48
456330147.64
456205620.99
456084416.7
455966143.83
455857457.14
455742230.4
455643270.17
455533274.0
455436330.02
455344867.1
455261534.05
455173038.7
455077659.24
454996953.42
454921331.87
454844957.72
454777642.06
454685014.6
454615029.94
454549080.71
454484451.89
454409201.76
454359453.27
454293535.59
454229706.56
454170155.34
680147993.75
603209803.18
581456357.17
569606740.78
561015129.34
553927283.58
547777086.59
542188165.8
536900026.16
531091873.74
524935445.69
519464937.19
514809888.37
510832339.62
507258631.2
504092122.62
501154257.55
498487243.09
496000251.49
493672118.11
491452626.46
489290413.16
487222407.49
485292190.18
483501870.65
481875901.81
480382243.52
478994047.21
477669308.19
476447864.67
475262863.73
474141133.16
473094220.96
472105365.86
471220413.06
470353298.55
469552305.35
468794620.94
468081075.66
467397531.94
466754753.41
466172731.86
465594993.59
465045202.17
464507568.19
464049177.91
463581432.96
463134653.85
462722640.1
462311839.67
461939292.48
461570051.44
461225691.53
460905378.73
460589350.38
460274679.51
459998652.56
459729170.09
459466951.24
459208075.18
458974871.64
458754272.95
458516323.73
458319825.59
458109191.04
457915411.83
457736952.13
457557293.25
457387009.53
457223016.57
457065905.47
456922269.97
456774257.39
456630560.95
456499158.6
456371208.49
456242756.06
456130736.56
456007600.06
455902941.02
455792063.63
455689741.62
455592019.87
455504390.42
455411551.75
455315405.12
455226583.51
455147678.39
455073378.15
454995244.58
454905040.6
454830699.22
454760450.36
454690687.17
454615264.75
454563521.74
454490364.73
454428363.3
454367263.71
681126820.18
603959974.5
835508041.11
751252226.73
719092784.19
696619812.1
678112704.0
661912949.49
647361772.79
634080830.59
621842415.36
610590295.43
600216287.96
692320462.82
590696313.54
581564993.12
581864337.39
537209259.01
573489970.34
507270214.09
564498708.7
491846468.84
555953840.06
480671358.97
548332363.34
473212049.8
541640317.35
467706391.27
535680458.85
463316671.88
460005548.42
457438541.62
455534229.77
453695670.31
452260522.85
451108998.04
449989554.34
448655413.03
447549938.42
446359111.53
445149423.94
444107859.75
443199435.84
442326358.98
441449084.07
440574175.88
439687271.49
438789934.08
437829959.37
436866910.92
435939499.38
435003655.66
434076633.79
433170134.02
432266753.9
431350776.76
430443872.33
429547928.26
428632510.26
427721383.16
426820177.14
425893440.83
424963653.46
424023966.55
423072981.82
422110753.7
421139661.5
420154452.66
419179738.99
418182256.31
577960498.71
523202371.77
497201806.36
484663005.56
475946779.94
469700668.11
464745925.13
461649998.9
459238050.32
456857455.52
455342092.21
454276774.38
453474467.35
452877976.8
452389090.07
451939064.01
451242057.48
450757017.29
450400569.29
450094921.31
449808266.68
449529606.17
449228157.31
448899915.55
448513040.6
448059327.09
447759045.75
447549794.03
447378208.41
447233805.29
447104820.95
446972763.53
446812501.11
446593416.98
446393615.11
446243788.75
446099348.7
445967235.35
445834904.09
445710790.17
445606659.64
445513870.9
445414080.75
445323508.24
445244033.61
445158933.4
445082667.14
444990028.75
444915921.59
444840906.93
444771743.21
444698742.35
444648956.11
444589322.02
444542649.79
444498496.99
444447026.79
444393696.04
444353196.83
444308898.4
444267064.55
444238363.86
444198906.16
444162782.39
444136834.4
444096448.87
444064216.22
444025901.79
443990803.04
443960823.51
443923262.72
443898343.78
443860867.85
443830054.04
443792039.99
443774709.65
443733476.76
443707157.4
443676854.4
443639518.26
443614968.84
443586141.76
443562070.77
443529194.93
443509437.93
443464450.07
443432357.38
443397330.92
443372476.81
443337485.41
443310437.05
443281892.55
443238910.8
443206458.08
443176733.06
443153778.21
443126504.94
443078214.17
443048402.34
443010188.87
577961052.98
523115275.26
497159187.0
484516038.13
475803896.59
469761543.82
464817334.48
461423079.7
458874623.13
456765400.55
455341215.88
454320962.82
453551063.47
452974842.33
452492977.39
452108772.47
451777326.08
451353201.14
450700888.05
449883616.75
449304654.65
448955496.28
448702427.45
448505793.49
448343967.54
448195808.7
448059880.73
447906620.32
447756145.64
447620739.73
447498400.08
447375065.46
447233606.33
447084258.32
446917266.84
446761546.06
446595885.62
446452350.01
446304706.03
446174748.61
446058937.17
445961543.16
445861638.79
445771236.35
445679288.26
445598842.49
445530295.89
445455595.26
445394670.86
445322872.67
445225945.67
445136990.76
445068175.69
444994021.26
444935963.24
444881563.61
444813704.78
444761873.35
444719564.17
444666656.17
444618396.94
444578550.19
444534483.58
444493806.78
444460491.47
444415627.14
444387807.92
444344963.73
444310487.97
444279991.76
444240002.11
444210170.54
444174013.97
444131336.28
444096994.24
444071964.73
444020868.84
443997434.83
443962897.76
443924614.95
443889220.64
443863356.73
443835495.87
443801285.3
443773697.45
443732166.04
443693395.25
443663888.85
443634568.57
443592068.8
443562589.64
443531066.2
443486910.8
443449306.25
443411115.14
443382843.24
443343136.75
443297430.27
443263484.19
443216312.34
443178333.31
443143194.2
443097813.11
443039185.51
443001577.69
442961410.03
442919535.15
442866955.67
442827965.02
442775217.72
442737730.94
442696829.18
442655355.74
442612189.14
442565991.24
442524377.83
442479159.1
442443962.66
442394061.0
442358280.94
442309341.85
442271470.08
442237308.36
442193038.28
442151571.21
442109316.43
442073080.51
442029240.47
441992767.38
441953347.77
441906794.47
441872959.71
441835950.08
441799627.09
441748892.4
441711688.86
441670960.06
441635187.75
441600773.63
441563644.85
441517047.22
441486151.41
441452354.28
441412624.39
441377423.32
441343621.55
441301691.32
441261904.68
441224844.42
441191187.37
441152923.78
441113011.37
441071154.96
441046872.3
441014626.61
440978996.57
440934118.62
440908211.91
440867154.63
440831102.97
440791149.29
440760480.37
440725709.45
440686809.38
440651586.24
440622040.01
440579930.16
440550521.58
440517344.7
440479146.8
440444753.43
440416975.98
440368167.74
440363070.59
440315872.21
440281008.1
440245007.9
440216359.08
440175835.78
440147838.3
440111146.68
440070950.21
440036535.84
440014355.17
439975374.12
439942531.6
439910304.79
439876717.74
439830261.11
439809716.33
439771873.61
439736794.2
439720554.89
439679475.29
439648290.36
439617008.85
439581268.28
439548848.93
439516662.56
439483930.25
439453256.94
439434815.75
439395427.48
439363049.31
439334789.59
439301195.14
439274684.23
439239751.99
439204108.21
439176222.97
439144173.0
439111258.04
439085033.56
439054413.58
439021053.93
438993407.21
438966365.81
438926170.91
438906681.46
438866181.01
438842682.12
438813500.4
438778907.32
438749554.88
438717421.54
438692604.85
438659103.71
438626233.5
438595474.34
438561645.54
438542957.74
438505550.49
438480958.97
438457515.22
438423909.05
438392336.81
438362788.39
438343737.87
438311948.01
438281785.58
438248409.5
438222477.21
438190790.25
438163838.92
438131636.41
438114011.69
438078831.11
438051263.92
438020443.32
438001808.6
437968840.16
437938276.64
437920516.14
437886588.9
437859953.72
437836677.17
437800400.97
437775991.14
437743758.61
437719830.44
437691943.24
437660205.87
437632447.63
437610891.09
437577841.18
437554320.27
437524408.13
437496290.44
437476531.0
437444111.61
437415979.05
437393786.45
437369665.08
437339617.86
437304722.13
437279926.64
437256229.67
437230742.19
437208402.05
437171625.89
437149057.9
437131790.08
437111817.44
437078930.79
437042808.92
437023919.77
436993601.57
436966771.25
436940909.45
436919385.87
436885939.08
436868510.01
436838259.04
436816858.2
436787201.16
436760900.18
436729625.67
436712920.84
436689220.02
436659637.11
436630688.0
436604788.82
436575364.47
436555679.13
436527871.5
436512630.81
436483298.4
436462509.25
436434947.97
436411611.36
436384799.92
436354905.34
436333661.02
436314453.28
436286646.81
436262866.75
436240900.22
436212215.64
436188883.0
436161592.67
436169857.57
436150095.11
436114342.75
436093897.77
436068753.76
436045514.93
436022356.08
435995252.33
435974593.03
435948681.02
435925960.57
435902606.65
435879644.9
435854278.42
435830410.97
435807475.75
435784741.46
435746134.77
435731355.65
435717254.5
435688563.04
435663718.09
435637823.38
435612042.85
435590786.98
435575170.61
435548450.07
435523055.98
435494559.46
435477903.11
435456699.16
435435327.38
435410686.3
435381349.17
435361311.63
435334815.59
435319555.35
435298580.78
435273172.49
435255771.16
435223997.39
435206669.91
435177446.29
435157599.92
435132543.46
435111972.76
435094873.58
435071266.4
435048526.82
435029598.63
435001905.76
434979884.29
434955222.35
434939943.49
434918549.32
434894247.87
434877320.53
434853687.1
434834861.16
434801561.42
434787288.22
434764297.73
434749346.24
434726586.95
434695948.01
434674586.04
434657265.22
434641033.94
434611494.42
434601444.35
434576084.82
434557842.75
434539264.7
434514780.4
434496539.4
434472231.87
434454620.11
434432338.5
434410440.9
434391620.88
434374879.54
434358879.75
434336929.03
434313080.84
434286256.31
434272364.79
434253019.94
434229123.15
434212938.56
434185545.65
434167902.72
434141834.47
434135479.39
434120337.72
434091940.14
434075861.9
434051300.76
434030413.66
434020767.46
433997537.61
433973116.23
433947973.01
433935976.24
433911803.69
433901985.08
433884001.49
433851274.35
433834412.5
433827074.03
433795983.61
433784293.51
433770121.48
433740778.72
433722409.6
433705086.3
433682890.14
433666389.65
433653157.55
433629360.27
433609186.65
433589751.27
433575911.74
433559418.0
433544221.64
433519840.66
433503275.05
433481684.33
433463530.89
433443343.73
433430981.38
433404805.75
433386057.27
433371498.43
433354780.94
433336964.18
433314686.92
433300897.7
433283044.76
433266674.3
433244598.23
433230334.63
433214957.58
433199201.57
433173037.41
433162189.08
433141514.23
433127619.81
433109789.93
433088122.58
433070871.76
433045355.34
433037072.93
433021449.56
433009660.36
432980038.33
432967705.91
432947822.53
432934609.22
432919482.54
432889323.43
432877518.53
432871853.99
432849790.97
432835749.42
432811548.23
432799632.81
432781825.03
432761184.62
432745800.11
432736320.54
432717045.4
432698769.51
432683231.01
432663574.02
432647368.69
432632158.18
432613352.57
432587874.4
432580270.32
537233732.93
500219860.08
484042259.04
474878606.12
467805104.1
463409512.53
460349100.42
457780248.01
455892571.78
454553329.68
453613963.01
452881215.09
452240984.42
451513338.0
450935404.05
450538485.4
450196435.54
449897759.63
449648727.64
449448090.33
449264678.42
449117001.65
448979483.57
448864924.32
448759571.91
448658904.42
448570571.72
448483705.58
448409766.83
448330225.35
448271574.93
448199447.72
448140570.62
448083106.36
448034197.15
447983010.69
447934116.26
447891684.14
447854570.8
447798202.2
447764758.89
447725243.4
447687306.35
447649892.76
447616033.28
447593478.09
447552285.68
447518829.99
447490691.39
447457563.9
447441024.29
447414994.46
447381374.63
447352923.98
447325401.75
447307301.01
447287332.06
447255652.1
447232628.53
447217079.14
447196498.34
447174200.51
447155888.39
447143128.3
447108285.81
447098706.92
447082532.51
447056018.17
447041820.4
447027006.18
447014250.93
446996999.2
446973391.28
446966998.85
446946689.78
446952452.47
446924009.02
446904834.77
446891321.25
446875891.5
446858923.47
446850018.48
446834314.93
446836209.18
446810040.84
446794513.39
446793237.44
446779340.79
446766766.57
446756347.49
446747344.64
446731678.18
446723790.28
446713367.84
446705563.61
446691246.32
446686716.48
446668711.66
446668110.45
446653242.25
446647654.75
446634761.4
446627181.0
446616221.23
446614872.84
446596310.27
446596781.33
446582106.58
446583080.78
446571319.93
446563182.78
446553479.16
446543343.03
446541667.15
446532729.58
446519377.76
446522048.83
446511381.94
446505407.25
446501785.75
446491622.29
446484977.47
446478907.9
446471134.97
446462458.25
446457728.83
446464944.93
446450874.58
446435626.51
446434553.54
446432949.03
446422947.19
446426284.13
446420228.64
446406748.9
446398320.39
446400894.51
446397015.39
446385640.4
446383401.52
446375610.58
446376637.89
446370341.3
446363046.46
446359215.28
446355840.5
446353757.1
446350012.65
446345568.95
446339336.49
446335550.72
446329703.33
446326124.87
446324399.11
446316462.78
446316565.11
446301834.02
446307674.7
446299923.71
446302386.26
446301064.98
446289624.92
446285835.26
446284345.38
446278288.35
446278116.72
446267452.15
446261105.76
446263110.46
446264107.59
446256143.65
446253435.32
446251655.74
446251605.49
446238478.36
446242225.35
446245895.82
446243688.9
446230235.03
446227561.31
446226717.47
446220962.19
446221581.62
446228121.21
446214953.31
446210584.63
446213882.83
446206213.8
446199609.46
446202950.54
446194262.77
446190001.01
446194430.84
446188402.17
446193235.08
446186958.78
446183162.7
446179543.84
446180679.33
446181260.92
446172829.72
446169560.38
446168471.43
446165766.38
446157817.96
446157053.85
446161070.08
446160831.54
446157524.37
446155728.81
446154253.29
446148435.54
446141986.28
446143479.8
446145545.19
446132663.76
446139780.47
446131117.99
446138649.71
446138093.95
446132647.74
446132236.01
446123465.52
446120613.75
446127733.4
446121781.98
446119131.98
446110670.36
446112510.1
446113244.07
446106944.87
446106749.81
446109121.16
446107596.83
446101486.41
446100759.39
446100038.09
446097070.32
446096712.49
446094373.92
446093401.21
446132068.8
446092886.6
446086821.38
446086362.25
446084685.0
446083708.44
446085266.96
446082236.23
446078806.73
446076962.61
446075738.16
446073494.44
446074371.73
446077789.72
446076213.61
446067352.34
446074028.21
446062613.36
446071868.03
446063943.49
446061975.93
446056023.39
446064710.17
446058609.55
446054620.03
446052282.33
446051700.66
446050850.57
446052593.88
446053152.33
446052385.24
446046569.4
446047231.13
446041421.5
446045747.99
446044233.27
446038305.28
446043204.18
446038927.9
446040387.23
446035729.47
446032218.45
446039400.65
446033618.59
446033264.56
446031058.55
446034881.49
446025748.91
446027957.2
446023540.7
446025866.47
446024387.73
446022165.98
446024485.09
446016700.77
446016943.23
446018227.58
446017812.62
446014996.86
446008949.15
446011888.64
446015418.83
446015120.97
446014416.27
446020725.69
446006168.67
446007116.83
446011274.02
446014715.74
446004774.71
446005727.13
446003339.76
446005667.73
446000912.64
446005095.04
446002359.68
446001918.18
445999698.75
446000671.46
445999604.78
445996307.75
445991548.98
445993495.22
445993674.76
446001225.56
445992876.92
445989400.42
445986483.54
445991640.59
445989302.81
445992929.16
445984922.25
445984711.66
445986750.59
445981866.64
445979635.54
445985867.38
445979437.7
445985505.49
445988430.28
445978198.15
445983733.61
445982168.51
445976287.05
445974904.13
445980135.74
445973000.78
445974338.98
445976838.5
445978753.28
445974164.99
445970623.88
445978894.74
445982121.36
445968428.83
445970004.7
445975885.91
445960046.49
445970974.18
445968617.77
445966756.47
445960307.95
445966696.78
445959531.3
445960885.2
445962858.35
445959122.59
445954611.62
445959875.31
445961666.36
445954529.08
445952799.21
445955234.65
445951814.95
445952313.75
445959424.79
445950266.83
445949136.81
445949682.01
445954774.27
445955116.79
445951014.66
445948167.7
445950966.19
445950514.3
445951622.87
445957332.2
445951091.46
445959350.56
445940989.31
445943033.42
445940666.91
445945522.88
445939940.1
445945314.98
445941961.44
445943307.67
445944681.89
445941954.44
445948660.49
445933906.42
445941421.12
445938009.62
445942072.22
445933958.79
445932015.36
445940102.54
445931732.24
445931186.84
445933972.57
445938205.85
445932583.24
445932666.78
445929677.87
445934392.09
445933014.11
445926279.29
445931581.76
445928029.27
445927110.42
445928238.24
445928996.02
445931563.96
445932223.05
445925431.27
445927236.6
445923180.54
445924643.89
445922916.84
445932147.21
445925213.14
445930554.7
445928709.67
445924175.9
445920550.58
445914777.38
445917807.94
445917679.52
445918705.3
445917456.68
445915457.45
445913317.55
445919496.73
445920292.1
445913494.77
445921569.74
445918431.25
445918469.22
445921016.01
445922183.0
445910558.68
445915961.96
445917508.88
445914605.7
445912792.55
445912793.21
445914388.37
445915036.27
445905801.15
445921650.21
445907456.75
445907628.58
445907429.67
445909860.97
445912989.85
445911238.5
445906056.73
445914937.21
445909929.56
445916226.94
445908267.55
445910473.19
445906038.48
445907566.7
445904532.99
445904008.49
445904060.9
445907076.84
445903383.51
445906590.8
445902362.04
445905952.66
445901812.33
445903320.01
445908029.23
445901857.61
445898747.65
445902925.5
445895677.27
445898606.86
445903521.86
445898563.02
445901509.42
445896171.43
445895466.72
445899347.71
445896371.66
445896129.08
516446213.84
486028391.53
477050290.13
470649544.73
466374627.73
463790410.23
461991361.16
460682745.05
459665025.49
458880266.64
458237140.33
457706123.14
457266668.01
456901010.46
456611460.76
456362925.58
456138951.49
455950851.15
455787284.57
455624962.86
455496924.19
455380051.87
455269801.02
455176590.65
455079607.51
455000108.17
454915405.41
454847972.22
454772209.01
454718873.62
454652720.27
454602650.66
454548827.45
454495526.33
454452367.15
454406021.09
454354008.09
454317034.64
454269159.7
454228640.79
454201593.46
454161200.93
454121258.76
454088304.89
454058466.94
454029270.35
454003684.8
453971322.04
453945406.72
453919225.46
453887283.79
453868263.66
453835679.13
453821544.61
453792716.58
453771362.53
453755060.99
453728350.3
453717627.65
453688943.94
453668456.53
453649456.02
453634926.86
453620954.25
453607262.39
453587022.24
453569157.67
453552343.35
453539113.6
453521307.86
453515166.22
453497789.18
453483213.21
453463097.42
453456329.31
453445805.21
453430543.48
453421893.75
453400590.32
453402577.51
453388172.25
453376988.32
453363029.11
453357784.76
453346627.31
453337830.13
453330378.06
453319713.95
453313083.24
453301970.26
453292694.15
453280841.31
453271718.38
453266903.02
453263172.47
453252577.32
453244721.47
453236421.17
453229332.12
453222655.13
453214443.47
453209883.65
453198597.26
453196922.41
453192013.37
453180774.0
453172626.01
453169745.59
453167602.59
453155016.9
453156231.16
453151017.07
453143749.42
453135395.6
453132526.78
453126066.01
453118484.37
453117238.15
453110261.15
453105031.16
453100000.7
453098324.12
453091639.64
453087984.39
453081254.21
453074849.9
453077533.68
453071327.92
453063330.77
453058742.02
453058159.73
453054360.71
453055032.22
453040909.41
453043377.76
453044418.28
453037338.41
453036462.53
453031551.3
453026219.34
453019194.91
453021485.66
453014252.46
453014206.55
453007512.63
453002001.14
453004521.36
452995674.54
452998184.82
452991881.27
452990873.91
452994509.21
452980276.57
452980945.51
452981131.59
452976746.89
452972615.08
452973186.36
452969143.39
452969820.81
452968129.66
452966637.37
452955014.46
452958957.87
452948768.83
452955819.8
452949647.94
452946982.42
452940207.44
452941550.2
452941527.8
452935469.5
452935760.93
452938333.1
452930582.69
452935277.87
452930951.49
452929346.9
452924656.1
452915789.62
452920548.02
452920106.43
452913446.87
452915885.29
452916082.92
452907258.0
452911413.15
452905905.97
452897725.93
452902839.14
452900750.28
452896931.48
452899823.36
452893303.06
452893362.46
452893562.2
452890901.53
452888374.15
452897167.07
452882817.24
452881996.46
452886563.89
452880299.38
452878595.56
452877892.06
452881455.19
452871834.25
452876187.74
452878577.68
452874822.91
452872518.46
452865880.92
452865211.98
452867726.78
452868584.57
452866688.7
452863292.85
452866249.15
452856300.71
452859617.66
452852286.97
452857235.99
452853912.88
452862522.7
452857256.86
452856682.18
452849377.49
452853240.22
452849239.51
452846536.32
452844991.3
452843528.82
452839666.92
452835591.29
452839184.35
452833679.52
452838819.19
452836065.86
452832921.54
452830158.86
452835252.78
452837050.54
452830745.0
452828128.99
452826044.44
452831619.77
452828307.95
452825688.34
452828185.96
452829883.07
452821745.06
452827723.43
452823431.0
452828286.14
452821688.63
452821105.76
452814208.04
452816023.1
452813178.91
452817780.86
452810737.88
452810620.15
452816007.24
452809738.8
452813972.41
452807039.54
452817379.48
452812672.91
452808621.79
452807638.98
452811261.68
452811084.46
452804403.17
452805956.76
452798487.18
452807149.12
452795851.8
452799545.25
452800859.4
452797824.25
452798414.94
452798962.05
452796039.41
452795300.1
452795218.17
452800000.58
452795332.93
452793177.29
452795709.31
452793918.43
452793111.76
452789140.53
452793620.57
452797579.96
452795720.69
452791756.71
452787789.54
452777246.55
452791162.25
452784995.39
452783927.06
452786265.5
452787344.27
452785553.35
452784971.59
452782481.06
452781125.22
452778950.62
452783381.82
452779847.45
452778210.44
452782752.95
452777649.47
452777218.98
452776570.45
452775541.98
452778519.84
452768551.12
452770072.05
452778467.27
452771486.1
452774310.46
452775524.84
452773448.28
452769434.95
452766487.89
452771082.64
452764607.3
452763748.97
452770623.09
452770552.71
452775252.16
452764823.68
452764593.1
452765919.01
452763075.44
452759650.9
452764076.09
452762894.61
452763532.54
452762530.32
452763518.84
452756809.94
452760015.94
452761276.32
452759046.04
452758656.17
452755244.87
452757648.6
452755689.98
452756799.34
452753779.17
452754088.9
452761116.27
452757254.21
452759783.0
452752947.71
452758087.37
452748290.15
452749748.04
452752626.92
452746051.6
452747288.8
452750989.58
452752296.28
452753945.83
452745915.94
452748797.06
452752141.12
452744436.28
452743401.98
452746943.83
452743296.37
452747411.62
452744652.09
452746019.48
452749981.6
452744170.06
452743147.96
452742418.26
452743461.51
452746997.86
452749429.49
452742858.85
452741054.59
452741289.56
452733307.12
452738906.7
452739200.5
452738741.53
452740217.09
452738595.44
452747024.56
452737812.28
452734345.52
452734940.19
452735703.76
452737458.3
452737297.47
452746842.0
452731978.27
452741049.87
452735580.32
452734899.13
452733331.87
452734134.27
452737824.17
452732614.79
452729413.09
452730840.96
452726743.51
452731183.23
452726833.35
452729508.31
452733197.08
452730714.78
452725851.61
452724330.23
452725632.29
452725255.24
452735483.53
452730707.91
452725954.28
452726950.62
452724438.6
452724702.47
452727930.49
452726216.16
452716746.56
452722166.19
452726213.84
452721477.84
452724250.45
452722260.86
452725449.36
452722912.41
452725954.44
452722777.96
452720806.09
452719937.41
452717632.17
452718938.87
452721003.09
452721173.9
452717598.26
452718281.31
452720524.25
452718876.77
452716657.51
452715293.81
452722852.6
452717759.09
452717461.32
452719757.66
452718239.67
452717664.33
452716620.42
452715898.99
452718076.15
452721491.58
452715643.49
452713550.45
452717440.08
452717806.82
452712794.37
452718911.63
452708014.61
452711689.65
452708775.62
452706538.43
452710205.56
452708672.95
452711507.08
452712904.16
452712395.09
452710180.14
452713001.44
452712396.96
452701838.49
452711422.39
452704448.62
452707944.73
452711204.39
452703529.48
452710323.71
452706468.39
452705096.11
452708377.67
452705935.94
452706891.84
452705748.41
452708244.86
452705698.28
452702848.37
452703869.06
452705762.98
452702102.77
452707952.85
452703614.68
